0 44 0
1.53558 43.9732 0
3.06928 43.89282 0
4.59925 43.75896 0
6.12362 43.5718 0
7.64052 43.33154 0
9.14811 43.03849 0
10.64456 42.69301 0
12.12804 42.29551 0
13.59675 41.84649 0
14.99887 41.35959 0
16.28072 40.8386 0
17.44131 40.27223 0
18.48518 39.65164 0
19.42209 38.96784 0
20.2648 38.20937 0
21.02531 37.36195 0
21.71129 36.4108 0
22.32455 35.34463 0
22.86236 34.1592 0
23.32052 32.85895 0
23.69667 31.45621 0
23.99278 29.96878 0
24.21621 28.41672 0
24.3797 26.81939 0
24.50065 25.19305 0
24.60006 23.54962 0
24.70135 21.89693 0
24.829 20.24086 0
25.00628 18.58939 0
25.25131 16.95727 0
25.57139 15.36849 0
25.95806 13.8533 0
26.38684 12.4404 0
26.82314 11.14953 0
27.23106 9.98954 0
27.58064 8.96149 0
27.87659 7.99348 0
28.13858 7.01573 0
28.36628 6.02944 0
28.55942 5.0358 0
28.71777 4.03602 0
28.84113 3.03133 0
28.92936 2.02294 0
28.98233 1.01209 0
29 0 0
28.98233 -1.01209 0
28.92936 -2.02294 0
28.84113 -3.03133 0
28.71777 -4.03602 0
28.55942 -5.0358 0
28.36628 -6.02944 0
28.13858 -7.01573 0
27.87659 -7.99348 0
27.58064 -8.96149 0
27.25366 -9.9097 0
26.89758 -10.82766 0
26.51144 -11.71356 0
26.0946 -12.56561 0
25.6467 -13.38203 0
25.16766 -14.16115 0
24.65767 -14.90139 0
24.11714 -15.60131 0
23.5467 -16.25961 0
22.94711 -16.87518 0
22.31928 -17.447 0
21.66425 -17.97422 0
20.98317 -18.45607 0
20.27729 -18.89186 0
19.54805 -19.28101 0
18.79702 -19.62296 0
18.026 -19.9173 0
17.23699 -20.16369 0
16.43224 -20.36197 0
15.61421 -20.5122 0
14.78557 -20.61469 0
13.94915 -20.67006 0
13.10786 -20.67926 0
12.26465 -20.64362 0
11.42241 -20.56485 0
10.58387 -20.445 0
9.75157 -20.28648 0
8.92772 -20.09196 0
8.11416 -19.86437 0
7.31232 -19.6068 0
6.52318 -19.32244 0
5.74724 -19.01453 0
4.98453 -18.68628 0
4.23468 -18.34083 0
3.49694 -17.98121 0
2.77026 -17.61033 0
2.05344 -17.23097 0
1.34527 -16.8458 0
0.64466 -16.45737 0
-0.04916 -16.06814 0
-0.73647 -15.68046 0
-1.41694 -15.29654 0
-2.08952 -14.91838 0
-2.75246 -14.54768 0
-3.40336 -14.18575 0
-4.03933 -13.83341 0
-4.65719 -13.49099 0
-5.25368 -13.15835 0
-5.82564 -12.83493 0
-6.37017 -12.5199 0
-6.88473 -12.21232 0
-7.36715 -11.9113 0
-7.81568 -11.61609 0
-8.22899 -11.32624 0
-8.61926 -11.03215 0
-8.99903 -10.72462 0
-9.36783 -10.40403 0
-9.72522 -10.07076 0
-10.07076 -9.72522 0
-10.40403 -9.36783 0
-10.72462 -8.99903 0
-11.03215 -8.61926 0
-11.32624 -8.22899 0
-11.60653 -7.8287 0
-11.87267 -7.41887 0
-12.12436 -7 0
-12.36127 -6.5726 0
-12.58312 -6.1372 0
-12.78964 -5.69431 0
-13.01029 -5.17955 0
-13.27511 -4.54165 0
-13.58915 -3.80258 0
-13.95958 -2.98696 0
-14.39147 -2.12152 0
-14.8848 -1.23271 0
-15.43405 -0.34272 0
-16.03002 0.53387 0
-16.66279 1.39131 0
-17.32393 2.23151 0
-18.00737 3.06153 0
-18.709 3.89116 0
-19.42575 4.73093 0
-20.15469 5.59094 0
-20.89232 6.48021 0
-21.63422 7.40631 0
-22.37485 8.37524 0
-23.10761 9.39137 0
-23.82494 10.45744 0
-24.51859 11.57454 0
-25.17978 12.74221 0
-25.79949 13.95842 0
-26.36874 15.21971 0
-26.87881 16.52122 0
-27.32148 17.85688 0
-27.68926 19.21953 0
-27.97561 20.60112 0
-28.17504 21.9929 0
-28.28328 23.38571 0
-28.29732 24.77023 0
-28.21544 26.13726 0
-28.03715 27.47798 0
-27.76304 28.78427 0
-27.39465 30.0489 0
-26.93417 31.26573 0
-26.38422 32.42976 0
-25.74755 33.53719 0
-25.02682 34.58535 0
-24.22443 35.57255 0
-23.34241 36.49794 0
-22.38246 37.36142 0
-21.34598 38.16359 0
-20.23414 38.90586 0
-19.04794 39.59061 0
-17.78815 40.22157 0
-16.4552 40.80425 0
-15.04889 41.34648 0
-13.59675 41.84649 0
-12.12804 42.29551 0
-10.64456 42.69301 0
-9.14811 43.03849 0
-7.64052 43.33154 0
-6.12362 43.5718 0
-4.59925 43.75896 0
-3.06928 43.89282 0
-1.53558 43.9732 0
