0 54 0
1.88457 53.9671 0
3.76685 53.86846 0
5.64454 53.70418 0
7.51535 53.47448 0
9.377 53.17962 0
11.22723 52.81997 0
13.06378 52.39597 0
14.88442 51.90813 0
16.68692 51.35705 0
18.42711 50.75352 0
20.05778 50.09679 0
21.57449 49.37281 0
22.97647 48.57041 0
24.26662 47.67986 0
25.45047 46.69163 0
26.53414 45.59606 0
27.52219 44.38452 0
28.41661 43.05156 0
29.21725 41.59713 0
29.92365 40.02773 0
30.53717 38.356 0
31.06285 36.59914 0
31.51036 34.77653 0
31.89409 32.90748 0
32.23253 31.00935 0
32.54716 29.09663 0
32.86092 27.18127 0
33.19622 25.2741 0
33.57214 23.38718 0
34.00102 21.5357 0
34.48492 19.73794 0
35.01383 18.01273 0
35.56688 16.37542 0
36.11647 14.83506 0
36.63341 13.39433 0
37.0912 12.05166 0
37.48921 10.74986 0
37.84153 9.43495 0
38.14776 8.10856 0
38.4075 6.77228 0
38.62045 5.42775 0
38.78635 4.07661 0
38.905 2.7205 0
38.97624 1.36108 0
39 0 0
38.97624 -1.36108 0
38.905 -2.7205 0
38.78635 -4.07661 0
38.62045 -5.42775 0
38.4075 -6.77228 0
38.14776 -8.10856 0
37.84153 -9.43495 0
37.48921 -10.74986 0
37.0912 -12.05166 0
36.64988 -13.33183 0
36.16631 -14.58129 0
35.63925 -15.79755 0
35.06777 -16.97804 0
34.45124 -18.1201 0
33.78941 -19.22109 0
33.08235 -20.27838 0
32.3305 -21.28941 0
31.53459 -22.25172 0
30.69571 -23.16301 0
29.81523 -24.02112 0
28.89481 -24.82408 0
27.93638 -25.57012 0
26.94212 -26.25769 0
25.91447 -26.88548 0
24.8561 -27.45241 0
23.76988 -27.95771 0
22.65891 -28.40086 0
21.52645 -28.7817 0
20.37591 -29.10041 0
19.21082 -29.35753 0
18.03474 -29.55401 0
16.85124 -29.69118 0
15.66382 -29.77079 0
14.47587 -29.79498 0
13.29054 -29.76624 0
12.11076 -29.68742 0
10.93912 -29.56166 0
9.77785 -29.39232 0
8.6288 -29.18295 0
7.4934 -28.93721 0
6.37269 -28.65883 0
5.2673 -28.35151 0
4.17752 -28.01889 0
3.10336 -27.66448 0
2.04458 -27.29162 0
1.00084 -26.90346 0
-0.02828 -26.50286 0
-1.04311 -26.09244 0
-2.04386 -25.67448 0
-3.03051 -25.25089 0
-4.00278 -24.82325 0
-4.96008 -24.39268 0
-5.90152 -23.95991 0
-6.82594 -23.52523 0
-7.73191 -23.08852 0
-8.61785 -22.64929 0
-9.48204 -22.20672 0
-10.32266 -21.75977 0
-11.13785 -21.30722 0
-11.92573 -20.8478 0
-12.68442 -20.38025 0
-13.41206 -19.90345 0
-14.10685 -19.41641 0
-14.77588 -18.91226 0
-15.4269 -18.38507 0
-16.05913 -17.83548 0
-16.6718 -17.26416 0
-17.26416 -16.6718 0
-17.83548 -16.05913 0
-18.38507 -15.4269 0
-18.91226 -14.77588 0
-19.41641 -14.10685 0
-19.8969 -13.42063 0
-20.35315 -12.71806 0
-20.78461 -12 0
-21.19074 -11.26732 0
-21.57106 -10.52091 0
-21.92509 -9.76168 0
-22.273 -8.94757 0
-22.63779 -8.0459 0
-23.02522 -7.07126 0
-23.44213 -6.03781 0
-23.89473 -4.95931 0
-24.38727 -3.8487 0
-24.92143 -2.71728 0
-25.49617 -1.57368 0
-26.10837 -0.42306 0
-26.75355 0.73309 0
-27.42656 1.89655 0
-28.12201 3.07162 0
-28.83441 4.26414 0
-29.55803 5.48063 0
-30.28681 6.72753 0
-31.01412 8.01068 0
-31.73275 9.33498 0
-32.43486 10.70409 0
-33.11203 12.1203 0
-33.7554 13.5845 0
-34.35583 15.09607 0
-34.90409 16.65296 0
-35.39103 18.2517 0
-35.80784 19.88752 0
-36.14621 21.55442 0
-36.39854 23.24535 0
-36.55809 24.95236 0
-36.61913 26.66679 0
-36.57702 28.37951 0
-36.42831 30.08111 0
-36.17073 31.76218 0
-35.80315 33.41354 0
-35.32556 35.02641 0
-34.73889 36.59267 0
-34.04488 38.10499 0
-33.24596 39.55694 0
-32.345 40.94307 0
-31.34521 42.25892 0
-30.25001 43.50108 0
-29.0629 44.66712 0
-27.78745 45.75568 0
-26.42722 46.76649 0
-24.98569 47.70051 0
-23.46627 48.5601 0
-21.87204 49.34934 0
-20.20567 50.07429 0
-18.46909 50.7434 0
-16.68692 51.35705 0
-14.88442 51.90813 0
-13.06378 52.39597 0
-11.22723 52.81997 0
-9.377 53.17962 0
-7.51535 53.47448 0
-5.64454 53.70418 0
-3.76685 53.86846 0
-1.88457 53.9671 0
